0
7
Head 1 0 0 6.5 5.9 0 0 0
root 2 0 0 -2 0 7 7 15
Tail 1 0 4 -3.5 2.1 0 0 0
Tail1 1 0 7 -3.2 1.9 0 0 0
Tail2 1 0 8.2 0.5 2.8 0 0 0
LHand 1 4.5 0 -4.214 2.8 0 0 0
RHand 1 -4.5 0 -4.214 2.8 0 0 0
1
3
Head 1 0 -0.05 -0.5 4.5 0 0 0
root 2 0 0 0 0 13 9 13
Tail1 1 0 0.31 -0.31 1.7 0 0 0
2
8
Head 1 0 15 103 4 0 0 0
root 2 0 0 0 0 7 7 7
LWing02 2 30 50 45 0 10 10 1
RWing02 2 -30 50 45 0 10 10 1
LWing04 2 30 45 45 0 10 10 1
RWing04 2 -30 45 45 0 10 10 1
LWingFinger03 1 180 -100 10 3 0 0 0
RWingFinger03 1 -180 -100 10 3 0 0 0